free
False
52 26 25 1
1 -568.991 166.626 35.7347 
2 -569.238 166.72 35.7301 
4 -569.376 166.751 35.7375 
6 -569.649 166.795 35.6779 
8 -570.168 166.862 35.547 
10 -570.517 166.873 35.5388 
12 -570.625 166.981 35.5829 
14 -570.87 167.241 35.6779 
16 -571.023 167.444 35.8233 
18 -571.152 167.628 36.0028 
20 -571.233 167.752 36.1103 
22 -571.28 167.831 36.1791 
24 -571.282 167.835 36.1805 
26 -571.461 168.076 36.2151 
28 -571.581 168.274 36.2165 
30 -571.974 168.913 36.2452 
32 -571.984 168.969 36.2493 
34 -572.021 169.144 36.3268 
36 -572.05 169.51 36.5021 
38 -572.049 169.529 36.5123 
40 -572.059 169.563 36.536 
42 -572.058 169.574 36.5454 
44 -572.058 169.788 36.689 
46 -572.047 169.79 36.7078 
48 -571.983 169.839 36.6921 
50 -570.79 170.939 36.3176 
3 1 2
5 2 4
7 4 6
9 6 8
11 8 10
13 10 12
15 12 14
17 14 16
19 16 18
21 18 20
23 20 22
25 22 24
27 24 26
29 26 28
31 28 30
33 30 32
35 32 34
37 34 36
39 36 38
41 38 40
43 40 42
45 42 44
47 44 46
49 46 48
51 48 50
0 25 3 5 7 9 11 13 15 17 19 21 23 25 27 29 31 33 35 37 39 41 43 45 47 49 51 
